0:
#.#
###
#.#

1:
###
.##
..#

2:
#.#
###
.##

3:
..#
.##
##.

4:
###
#..
###

5:
.##
.##
###

40x48: 34 38 38 31 28 38
35x35: 35 28 20 37 36 34
35x50: 21 33 29 34 28 31
36x46: 39 45 43 48 42 40
48x42: 44 53 49 53 61 51
37x36: 22 31 41 39 39 34
42x43: 53 50 47 44 42 42
45x46: 55 55 55 46 58 48
47x46: 57 61 58 46 50 59
41x46: 55 59 43 42 44 47
39x40: 29 33 31 26 25 24
46x40: 28 36 35 25 37 33
41x49: 50 53 47 53 45 62
36x47: 47 48 38 49 35 46
48x46: 59 46 58 59 64 53
43x35: 39 45 36 39 41 33
48x46: 50 65 61 56 54 55
38x45: 27 35 38 32 24 24
36x42: 39 42 28 44 44 38
38x46: 36 24 29 32 32 26
50x35: 34 45 49 54 42 48
35x43: 24 36 51 44 33 45
48x45: 43 36 49 33 42 36
37x38: 24 24 25 23 27 20
43x42: 52 41 47 42 46 48
49x35: 45 49 42 38 53 36
41x48: 32 38 43 28 33 34
39x49: 30 33 40 37 29 38
49x50: 41 44 36 38 49 47
49x45: 52 50 61 48 66 59
48x38: 48 54 46 50 34 51
49x46: 43 34 41 33 39 49
37x35: 36 37 32 40 28 29
35x42: 26 30 24 19 27 28
44x35: 27 26 18 21 31 31
42x49: 40 25 41 43 42 32
35x36: 18 28 18 20 26 21
44x40: 44 48 62 40 37 39
35x49: 39 43 41 55 37 52
35x43: 22 21 27 28 26 30
40x41: 27 34 26 24 24 33
48x41: 24 33 35 42 39 34
44x38: 26 24 29 30 27 32
35x39: 27 36 37 33 45 32
47x46: 52 61 50 56 54 61
36x46: 42 42 47 42 45 37
46x49: 49 46 42 39 35 29
46x39: 40 31 30 26 34 34
50x42: 37 40 39 32 40 35
47x49: 33 45 42 30 47 42
46x38: 28 23 29 39 22 38
50x47: 58 60 58 61 66 59
48x39: 38 45 29 28 31 36
35x49: 28 27 25 23 34 38
50x35: 30 51 48 40 45 55
43x38: 27 24 29 31 32 25
37x42: 24 24 37 28 26 29
50x47: 39 42 36 36 41 46
41x45: 36 35 29 33 24 37
37x42: 43 35 29 37 56 38
41x40: 20 33 22 25 37 31
47x39: 35 32 29 31 34 34
44x46: 26 40 38 26 31 48
40x45: 30 38 23 41 29 33
38x39: 32 30 46 37 44 38
38x46: 27 21 40 21 34 36
38x39: 43 40 40 40 37 29
37x43: 29 33 23 27 27 29
46x35: 29 30 28 26 24 28
40x50: 47 54 49 46 60 51
46x35: 21 29 30 22 34 29
46x38: 28 29 32 29 33 29
47x45: 45 35 35 25 46 38
48x48: 64 62 61 55 66 46
40x42: 54 44 39 36 36 48
45x35: 36 38 40 43 47 39
37x42: 17 31 29 28 28 34
38x48: 37 41 54 64 44 45
45x43: 36 27 34 40 37 35
35x43: 42 34 34 49 30 45
49x46: 36 40 40 41 47 35
44x42: 32 24 40 32 33 35
46x50: 46 42 40 32 43 37
49x38: 33 32 26 39 37 25
42x36: 40 32 50 35 35 39
50x40: 58 52 61 48 48 40
40x35: 24 23 37 24 18 16
46x44: 36 38 33 25 34 44
46x45: 58 43 61 56 45 55
39x50: 59 49 44 49 51 48
49x39: 38 40 27 40 36 26
44x41: 39 22 38 26 29 27
40x37: 30 14 25 25 27 34
42x43: 41 54 42 49 53 41
36x37: 22 24 23 24 26 25
39x44: 32 33 31 25 32 29
35x38: 23 23 22 20 21 23
50x41: 54 57 54 62 52 40
46x43: 30 31 37 31 41 39
48x46: 47 51 59 60 61 62
37x45: 25 30 36 29 36 23
45x38: 47 48 44 44 39 42
43x38: 27 36 30 21 28 25
47x49: 67 60 57 57 49 64
39x50: 50 42 53 56 44 56
38x48: 47 48 42 50 45 50
46x41: 51 45 54 45 46 48
43x45: 45 51 51 66 39 51
39x36: 23 23 33 28 30 19
45x49: 42 48 38 37 34 41
44x42: 48 37 55 51 51 42
41x38: 25 25 21 26 30 28
46x36: 31 25 24 33 40 27
47x42: 61 62 41 49 43 49
50x43: 57 68 53 42 59 50
50x39: 29 44 29 37 34 34
43x40: 37 30 27 25 34 29
42x45: 40 36 41 37 27 29
45x36: 33 46 45 45 38 44
43x45: 49 53 42 51 57 47
45x46: 37 44 29 42 35 37
44x50: 56 47 55 52 70 56
38x40: 17 37 30 26 23 22
46x48: 38 43 42 37 33 47
38x45: 54 52 40 31 47 37
35x40: 33 41 30 38 34 41
46x46: 40 37 34 38 44 31
41x43: 36 50 45 52 39 52
41x44: 28 29 36 22 35 32
50x38: 30 33 34 27 34 34
40x39: 23 31 23 27 23 41
48x45: 54 52 54 66 61 48
35x37: 21 16 31 15 22 26
47x44: 54 45 58 63 44 56
48x45: 36 43 35 41 45 40
43x50: 61 71 51 44 39 64
49x40: 28 39 42 31 30 37
35x40: 24 28 18 18 34 20
49x37: 19 43 40 34 32 24
43x39: 30 21 37 30 26 38
43x40: 31 34 21 33 38 24
42x36: 40 37 31 40 45 40
45x36: 34 30 29 27 28 32
39x35: 35 31 42 39 30 34
47x42: 32 42 28 34 42 31
48x41: 48 35 31 29 39 25
42x50: 53 45 63 53 57 51
44x37: 22 31 36 23 24 32
41x44: 27 31 26 26 29 42
38x48: 36 28 35 35 29 29
39x42: 25 34 26 32 29 36
39x50: 49 47 62 50 52 40
35x36: 30 23 24 16 18 20
38x39: 36 24 18 18 36 24
47x48: 50 50 62 74 62 53
40x41: 21 35 23 24 27 38
49x45: 45 44 39 34 41 36
41x41: 49 37 43 33 49 44
45x48: 55 49 53 57 48 70
35x40: 32 29 51 27 47 26
41x37: 39 37 38 34 44 40
40x43: 46 49 42 38 44 45
42x35: 27 21 25 25 27 28
46x35: 28 16 39 29 24 29
45x45: 54 53 40 66 54 49
36x40: 16 27 36 30 17 30
37x35: 34 35 24 27 45 33
48x40: 36 49 55 47 47 61
48x50: 24 39 47 54 50 42
41x47: 42 52 51 60 54 41
48x42: 56 46 55 46 53 52
43x42: 44 47 55 56 30 49
38x37: 31 15 23 15 25 35
39x35: 17 32 22 25 28 19
35x49: 26 33 27 27 25 37
38x46: 37 23 27 29 37 27
39x39: 46 38 37 38 35 40
47x39: 48 45 45 58 43 46
46x43: 48 48 46 50 54 58
48x35: 40 57 38 34 47 42
43x44: 52 43 45 50 48 53
36x40: 26 22 28 32 29 18
38x47: 50 49 46 48 38 45
49x49: 55 59 65 57 66 66
35x47: 28 28 28 26 31 23
50x35: 29 33 25 30 35 24
44x41: 32 23 41 29 24 32
46x44: 54 50 47 68 49 48
36x49: 28 32 35 32 36 29
44x48: 40 30 33 42 42 37
35x41: 22 22 20 26 25 28
38x42: 49 45 30 36 45 40
50x45: 56 51 57 77 57 53
40x44: 56 43 43 39 40 48
50x38: 33 23 32 33 37 34
42x37: 29 28 23 37 30 21
40x41: 29 30 26 35 26 23
47x35: 32 26 29 21 33 24
37x42: 22 31 26 32 20 37
50x37: 35 35 29 31 26 35
50x42: 41 31 42 45 39 26
39x44: 41 45 40 36 48 52
48x47: 73 57 55 57 48 57
48x50: 42 42 41 45 39 46
35x47: 27 26 41 27 17 27
44x44: 50 43 54 59 56 38
46x40: 53 45 36 58 49 45
47x40: 28 36 34 32 39 25
46x46: 39 39 32 44 35 36
39x39: 33 21 29 28 27 30
45x49: 39 43 39 46 40 32
49x45: 32 46 43 40 40 38
38x46: 32 38 34 26 23 27
36x46: 49 48 39 40 34 45
41x46: 54 45 45 55 52 41
38x43: 30 34 25 22 25 31
40x38: 47 33 40 45 33 37
46x47: 62 60 64 53 45 49
43x42: 29 31 36 24 38 37
37x37: 26 31 33 45 40 38
41x37: 38 44 32 27 43 47
48x45: 35 41 48 40 34 41
37x40: 28 30 23 22 29 24
49x49: 60 57 68 58 57 68
42x44: 39 31 28 30 37 30
48x42: 47 47 57 60 51 50
39x42: 53 31 39 39 48 40
48x43: 47 61 50 50 53 57
50x49: 49 40 43 39 39 46
49x45: 33 42 45 44 39 36
37x39: 24 26 30 22 33 21
38x46: 37 54 46 36 50 45
38x45: 41 38 45 46 50 43
38x41: 51 39 32 47 45 28
48x41: 52 54 55 56 52 36
40x45: 39 30 27 34 30 35
43x43: 31 35 29 39 30 31
36x47: 50 36 47 41 49 36
36x40: 43 33 29 40 42 35
48x41: 48 57 61 44 35 57
39x35: 24 28 17 24 29 20
35x47: 42 57 35 40 37 44
44x44: 35 20 29 34 35 42
39x36: 24 26 26 31 33 15
41x36: 22 21 24 24 31 33
37x46: 26 26 36 34 29 29
41x40: 35 28 22 30 21 33
50x46: 48 73 59 69 47 63
37x46: 35 35 25 27 21 37
48x38: 27 24 24 48 41 28
38x42: 25 25 41 27 25 25
46x41: 52 45 53 42 46 50
47x50: 66 56 57 60 63 59
39x48: 37 39 33 35 38 25
49x39: 33 34 29 38 38 36
42x41: 35 33 26 31 35 22
42x39: 32 25 29 24 42 29
35x45: 38 40 40 32 40 50
49x38: 45 42 48 55 45 53
41x35: 44 38 29 36 38 36
44x44: 44 54 46 65 52 42
44x36: 26 25 24 30 38 24
42x46: 46 58 47 50 40 58
45x50: 42 65 65 52 63 59
37x39: 37 44 29 33 41 38
46x50: 35 45 39 33 46 42
40x35: 45 34 33 31 33 38
37x48: 42 40 44 61 44 46
50x50: 61 66 59 63 66 70
38x40: 31 42 44 34 43 39
50x46: 57 64 49 70 66 52
41x37: 47 39 43 26 44 31
48x38: 29 35 34 32 39 23
38x46: 46 43 41 41 48 49
36x35: 24 37 25 37 33 40
39x35: 25 24 30 14 27 22
41x48: 31 34 36 39 38 29
36x38: 25 20 19 30 31 18
45x36: 50 39 47 41 27 45
38x46: 50 35 45 38 44 54
35x45: 32 26 26 25 26 30
44x42: 30 32 36 24 38 36
50x46: 53 59 52 52 59 77
37x49: 49 36 46 55 43 51
46x42: 46 51 35 47 53 65
47x36: 42 41 46 50 42 41
41x47: 35 41 31 30 33 24
45x49: 36 38 30 49 43 44
44x44: 54 58 44 52 47 45
47x35: 36 26 20 31 22 29
41x40: 23 28 33 28 30 27
38x46: 41 45 43 51 47 44
40x37: 37 46 40 34 31 40
36x37: 27 27 22 20 25 22
44x37: 28 30 36 23 29 22
36x36: 19 31 39 39 28 45
39x44: 43 39 47 42 39 53
45x40: 30 26 35 35 38 30
46x43: 36 37 44 28 32 32
49x36: 46 49 41 55 40 44
38x49: 46 44 47 51 53 46
45x38: 47 44 43 43 45 41
50x46: 64 65 55 42 58 66
36x38: 24 24 19 21 27 28
49x43: 58 51 66 43 48 55
45x40: 38 32 35 33 34 23
42x40: 40 38 44 40 50 45
39x38: 23 25 34 25 27 21
47x46: 54 41 56 60 67 54
37x38: 24 18 23 21 26 32
50x38: 22 31 22 42 46 28
42x42: 36 29 30 34 35 31
36x40: 31 30 24 35 23 13
41x39: 35 39 50 44 44 35
39x46: 31 36 44 28 28 28
38x48: 32 27 26 31 42 34
40x36: 20 27 26 27 29 26
45x50: 37 35 41 40 42 44
41x45: 28 35 29 29 38 36
38x46: 30 34 24 30 27 35
46x48: 51 48 65 58 70 47
49x47: 40 39 29 46 41 44
45x46: 67 49 40 52 55 55
43x35: 36 37 42 37 32 47
50x48: 72 72 61 44 64 53
44x50: 42 31 38 36 33 43
37x37: 35 44 37 35 27 34
49x44: 56 50 49 51 64 60
36x41: 27 22 31 32 24 19
36x49: 47 38 47 50 51 39
38x35: 32 29 39 40 33 33
49x35: 41 39 18 20 26 31
50x35: 39 39 55 36 55 42
48x36: 32 30 31 31 34 33
41x40: 35 23 24 29 22 35
40x38: 36 47 40 34 37 40
36x46: 38 27 31 25 32 26
43x39: 31 25 26 28 31 41
43x39: 45 40 39 44 44 46
35x47: 33 26 28 28 26 23
37x39: 25 26 31 26 22 25
38x42: 28 24 26 33 24 33
43x39: 42 44 56 42 37 37
47x38: 49 36 44 44 57 43
43x38: 32 41 47 51 43 40
39x40: 29 25 35 28 23 29
35x35: 23 11 26 20 17 23
41x38: 32 42 45 42 40 40
35x49: 21 34 26 22 34 39
39x36: 36 34 35 29 45 35
50x48: 62 57 61 65 66 59
44x47: 30 26 43 36 31 44
49x45: 33 39 38 52 49 29
38x39: 27 20 31 28 24 26
41x47: 28 43 32 30 28 33
47x38: 27 37 31 23 35 26
36x39: 29 35 32 36 45 39
49x50: 60 57 68 76 62 57
42x49: 48 57 63 62 44 46
40x36: 24 22 22 32 18 37
40x37: 22 24 31 26 30 22
47x42: 30 44 36 25 31 43
36x40: 19 34 25 21 31 26
41x44: 44 37 53 41 49 51
50x38: 42 52 44 66 47 47
37x38: 33 39 35 43 38 31
38x37: 45 36 33 37 35 31
36x48: 38 50 47 45 52 35
43x36: 33 24 31 26 27 26
47x37: 35 43 49 43 53 44
46x40: 29 29 37 27 37 36
36x47: 21 23 22 28 44 41
39x39: 20 36 26 35 29 22
46x38: 45 46 40 44 47 47
44x38: 39 42 48 41 45 42
39x41: 34 43 38 36 44 50
48x49: 36 38 51 44 45 41
38x37: 26 24 18 24 24 27
42x41: 33 34 37 28 24 26
48x47: 61 51 67 42 57 64
44x36: 36 24 25 27 34 22
36x38: 29 38 39 38 31 37
39x48: 27 31 42 41 43 24
42x42: 29 36 22 30 43 35
40x46: 35 31 30 30 33 36
43x49: 60 57 57 55 48 48
44x44: 39 41 26 29 31 30
46x39: 44 44 49 49 46 45
50x42: 52 38 52 54 60 65
39x35: 23 26 21 20 25 27
44x36: 30 45 42 45 35 49
44x45: 46 49 61 45 53 49
46x42: 38 39 72 53 46 49
39x38: 26 22 29 33 20 25
44x35: 44 44 45 33 24 46
50x42: 31 37 43 36 37 40
46x38: 34 25 26 33 35 26
40x42: 41 48 50 35 35 48
49x45: 39 45 40 47 34 34
43x42: 43 34 25 25 40 28
40x39: 45 41 35 32 42 43
36x42: 34 35 45 34 37 46
37x39: 32 46 35 39 34 38
35x36: 35 32 31 29 34 32
42x35: 37 25 40 42 38 44
47x48: 54 63 65 43 61 58
38x42: 38 41 38 48 46 37
49x45: 42 44 40 48 30 36
44x41: 55 36 34 49 41 62
50x49: 69 66 71 57 51 62
47x35: 50 49 36 37 39 42
47x44: 38 36 33 36 40 27
39x49: 30 28 35 42 33 40
47x35: 27 30 16 33 29 30
44x40: 26 35 30 25 36 29
41x38: 41 43 36 32 57 29
37x35: 37 30 37 37 37 22
49x43: 56 54 53 42 63 53
39x38: 43 36 34 35 37 42
39x48: 51 39 47 44 45 60
47x43: 34 28 30 34 47 36
40x41: 31 22 39 26 21 29
40x49: 49 49 51 51 44 58
41x50: 31 35 37 32 40 33
50x36: 38 44 59 46 48 42
49x44: 41 36 34 35 40 37
49x50: 64 54 68 53 62 72
37x36: 32 46 30 28 33 36
48x38: 31 38 36 25 27 35
43x39: 35 33 28 33 28 24
37x44: 39 40 39 44 43 46
41x40: 34 42 31 54 47 48
40x47: 23 43 43 32 19 35
38x45: 34 29 27 25 36 28
49x49: 47 52 41 40 42 34
50x39: 32 28 36 42 37 32
42x50: 71 53 43 53 46 57
50x50: 37 47 39 40 45 47
43x41: 41 43 46 45 45 51
49x37: 51 46 48 50 48 37
49x39: 50 42 49 55 57 42
42x36: 27 29 36 17 30 28
40x37: 45 42 38 32 31 39
38x42: 41 40 35 31 41 55
37x44: 27 31 28 30 28 23
44x40: 34 28 34 30 24 31
36x47: 44 52 35 58 32 45
38x45: 28 34 30 40 21 27
50x48: 73 60 60 68 53 57
48x48: 47 39 48 38 42 42
43x38: 25 28 27 26 26 36
49x38: 35 31 38 30 29 29
48x42: 69 50 49 40 51 48
45x35: 34 27 23 23 31 26
50x47: 55 61 67 68 57 56
41x39: 44 36 40 35 51 38
41x37: 23 29 24 27 27 26
50x45: 55 50 64 50 65 59
43x36: 32 28 20 27 25 35
41x45: 28 31 26 39 37 33
35x50: 39 59 47 47 33 47
42x39: 35 33 24 27 31 32
35x47: 22 29 29 23 33 28
40x35: 17 29 29 21 25 22
42x40: 35 23 27 31 34 31
43x43: 41 44 53 50 43 54
44x46: 53 48 56 65 54 39
36x38: 29 15 27 23 25 25
38x47: 56 42 44 30 45 53
37x43: 31 28 17 22 36 34
37x41: 48 35 34 38 36 42
47x40: 34 66 41 55 57 41
35x35: 15 19 24 29 15 19
46x38: 50 50 41 55 43 34
50x37: 54 39 39 52 53 48
37x42: 24 25 26 31 26 35
43x47: 35 36 41 36 29 32
48x37: 34 22 38 32 25 40
46x35: 41 45 48 36 48 29
37x44: 43 40 45 37 41 43
46x46: 50 67 65 49 50 45
38x42: 34 41 36 45 42 49
40x40: 31 31 31 31 29 15
36x47: 31 19 32 37 30 30
41x44: 36 19 36 25 35 30
41x37: 40 38 45 41 40 30
41x50: 40 34 40 31 33 29
44x39: 22 34 33 20 41 31
46x50: 36 44 38 43 38 41
44x40: 31 32 29 30 29 30
48x46: 38 44 43 41 31 43
43x39: 29 26 21 27 37 42
47x41: 28 29 34 32 31 40
49x50: 41 43 41 36 49 45
39x36: 32 42 49 35 30 29
38x46: 40 35 57 52 43 43
48x50: 37 52 44 46 38 38
43x35: 29 26 26 22 27 23
38x44: 35 30 28 19 38 18
37x36: 21 27 19 22 27 28
37x36: 25 38 36 38 35 35
36x43: 28 31 30 14 28 37
50x46: 49 46 44 36 32 32
49x48: 52 50 62 54 72 69
43x35: 21 28 29 29 24 23
44x36: 36 46 48 42 44 29
47x49: 70 64 54 58 56 53
49x50: 57 59 70 68 70 54
43x41: 48 45 47 33 57 38
36x47: 41 31 48 54 55 33
50x46: 58 60 56 47 72 58
46x47: 54 45 63 51 62 55
42x36: 21 26 28 27 32 33
46x50: 42 41 45 40 35 36
44x46: 25 48 38 30 31 38
44x44: 42 43 58 46 51 56
36x42: 28 30 28 33 16 32
47x44: 52 52 57 62 53 45
45x42: 55 48 44 45 41 57
44x44: 29 30 22 39 39 36
50x35: 44 36 48 47 50 44
36x44: 28 29 24 27 29 31
39x41: 28 29 37 20 27 27
40x49: 60 61 49 49 42 42
45x45: 41 34 34 29 54 32
50x45: 48 34 37 48 34 39
49x37: 34 31 31 26 38 31
35x47: 36 48 39 38 43 49
36x39: 28 37 29 31 50 40
50x37: 40 42 49 58 57 41
45x49: 35 38 43 38 37 48
46x38: 29 29 28 37 28 29
35x49: 27 23 41 31 25 28
38x36: 34 25 38 48 33 35
47x50: 68 61 43 61 52 77
35x45: 23 31 31 27 28 25
49x44: 35 29 30 38 44 48
50x38: 34 49 48 64 56 46
49x36: 28 31 31 36 35 30
44x36: 26 25 30 29 24 34
43x35: 30 18 33 24 24 24
47x36: 30 39 26 27 35 23
36x41: 26 25 21 21 32 30
50x39: 42 35 41 26 29 35
36x42: 22 36 25 37 30 18
37x48: 38 32 32 33 34 23
41x37: 37 42 32 39 43 41
36x44: 33 43 38 53 32 49
39x39: 27 26 33 32 21 30
45x37: 32 25 23 34 29 36
45x39: 38 43 51 59 40 43
35x41: 31 35 40 31 36 46
35x43: 50 30 31 43 44 34
39x41: 24 45 37 48 43 52
48x39: 42 45 46 55 50 52
40x39: 41 49 33 38 41 39
45x40: 34 28 39 39 28 27
42x36: 25 27 30 27 32 26
39x49: 37 31 32 41 38 29
47x50: 44 45 44 39 38 30
47x41: 32 31 36 40 29 27
42x46: 43 65 51 43 51 45
38x49: 53 48 41 62 41 46
43x50: 36 38 28 44 35 43
35x36: 20 23 16 29 20 24
47x50: 29 52 43 41 34 41
47x43: 28 32 43 31 40 36
49x45: 42 56 56 55 66 64
46x38: 22 26 41 33 27 30
49x49: 50 59 69 67 67 59
42x37: 38 43 47 41 26 45
38x41: 45 32 34 33 48 45
40x48: 40 35 32 32 36 33
49x40: 29 35 32 41 39 32
48x46: 55 61 58 55 56 55
47x43: 19 38 33 42 45 32
40x45: 30 35 38 31 28 33
48x40: 32 43 25 33 38 37
50x41: 35 46 38 34 32 22
43x49: 41 35 38 37 39 33
44x40: 20 25 39 27 32 38
35x38: 18 11 28 34 18 22
38x40: 28 23 26 29 15 35
42x43: 26 31 32 31 46 29
35x42: 20 23 24 22 28 36
49x48: 44 43 51 45 31 42
37x47: 45 45 42 56 46 37
50x41: 60 55 58 42 46 52
43x46: 46 57 50 46 52 53
41x39: 34 31 26 32 24 22
41x50: 56 53 66 53 43 45
35x50: 46 37 46 50 47 44
37x49: 52 39 46 56 43 45
49x42: 38 38 38 42 37 30
38x40: 33 42 33 40 41 46
39x44: 25 27 35 28 41 25
36x37: 28 21 32 20 17 26
37x37: 37 38 32 41 33 32
43x38: 27 36 18 37 19 31
44x46: 31 35 39 41 33 31
39x42: 24 27 35 33 32 31
45x47: 52 47 61 56 54 55
42x43: 32 37 31 25 34 36
36x43: 46 41 44 38 29 40
47x47: 51 64 50 66 59 54
38x39: 29 25 23 17 36 25
44x49: 39 44 36 26 45 33
40x41: 33 42 46 40 44 47
45x37: 29 26 31 35 30 28
39x43: 45 54 36 36 44 43
46x50: 43 45 33 39 39 41
35x43: 23 22 33 30 20 25
36x49: 25 32 44 24 30 36
40x49: 32 47 34 36 29 29
46x36: 31 33 26 31 35 24
39x45: 35 27 34 38 39 21
38x48: 57 45 35 55 45 46
38x45: 32 35 31 27 22 33
44x47: 55 59 49 59 41 58
46x37: 47 40 45 41 45 43
38x37: 38 33 33 43 38 33
41x35: 31 39 37 35 42 37
50x39: 33 45 37 28 36 28
44x35: 46 28 45 34 41 40
44x35: 44 33 45 32 30 50
40x36: 39 40 35 39 37 33
39x40: 33 21 31 30 25 29
48x43: 53 50 50 51 60 53
40x43: 36 26 27 24 31 37
43x48: 34 33 50 35 38 33
37x37: 23 27 22 19 32 21
48x42: 51 61 46 46 57 49
38x48: 67 42 40 49 36 47
48x41: 25 34 30 36 50 33
42x38: 15 27 28 36 23 39
48x35: 41 45 37 46 44 47
50x47: 38 36 36 45 44 40
43x50: 43 46 40 43 26 25
35x36: 27 18 20 21 20 25
39x35: 26 24 17 26 30 19
39x48: 47 50 39 50 47 56
42x43: 27 37 30 35 31 35
40x49: 52 60 45 57 55 36
50x50: 59 80 57 74 53 67
37x47: 31 32 25 34 27 30
45x42: 40 34 35 42 28 30
45x50: 72 58 62 59 33 63
41x38: 25 22 18 32 30 28
40x46: 29 37 39 19 40 31
50x43: 61 54 58 56 50 52
49x48: 52 72 54 64 54 69
48x39: 49 56 53 36 50 42
37x38: 23 17 36 21 28 19
45x38: 38 41 47 47 40 51
38x46: 31 36 25 25 32 30
39x36: 23 25 23 27 28 30
37x39: 31 22 26 24 23 30
37x49: 31 35 30 33 28 34
50x45: 32 45 32 37 48 45
36x39: 40 31 38 34 34 38
35x35: 35 39 29 29 27 30
47x45: 42 53 53 59 70 50
36x50: 35 28 27 36 26 39
38x49: 34 33 26 37 32 29
39x39: 23 28 28 39 29 22
35x47: 23 35 30 26 30 21
45x43: 40 31 37 25 37 39
43x39: 43 38 41 44 48 44
41x40: 32 39 50 31 52 45
47x38: 51 50 45 33 45 48
35x46: 33 30 25 27 29 20
44x39: 56 45 44 39 41 38
38x35: 34 38 31 33 32 37
37x39: 24 32 18 23 22 37
50x44: 28 32 47 42 34 40
37x50: 28 40 30 25 39 30
50x48: 46 37 47 43 35 47
44x39: 53 43 36 50 40 44
37x43: 29 28 17 29 31 33
47x39: 32 34 35 31 32 31
47x36: 38 37 29 26 19 30
44x41: 54 46 53 43 38 43
38x49: 30 28 32 27 34 40
41x49: 47 53 56 53 48 53
43x35: 41 35 45 45 39 28
35x37: 20 17 19 26 19 30
47x47: 30 41 44 35 32 42
36x47: 39 28 32 26 31 24
40x38: 33 45 31 42 41 44
41x41: 39 53 49 42 40 37
44x43: 53 43 47 39 54 52
46x45: 44 45 35 29 41 30
36x40: 40 41 35 36 42 28
35x44: 38 43 45 33 36 41
47x36: 33 50 58 31 44 42
37x40: 42 42 31 39 36 39
47x46: 69 62 45 63 48 49
45x40: 35 37 33 26 32 31
37x41: 37 49 31 35 45 37
49x39: 31 28 41 27 45 35
47x44: 50 48 67 50 49 53
50x43: 39 43 39 29 32 41
38x38: 27 28 20 17 22 30
47x47: 40 38 41 36 39 30
35x41: 24 22 27 25 24 21
48x41: 35 37 39 33 27 37
49x39: 33 35 48 30 33 29
41x45: 49 43 45 49 47 51
48x44: 31 32 32 41 46 42
48x35: 30 27 26 35 30 28
48x43: 52 54 40 46 59 65
43x47: 32 39 44 23 38 34
47x35: 32 20 21 32 37 22
36x42: 29 53 38 32 38 43
36x35: 30 30 38 33 33 30
47x46: 55 59 55 50 60 53
47x36: 46 38 48 41 45 41
36x48: 28 30 33 40 29 31
46x42: 53 48 56 45 39 55
39x37: 31 37 38 36 35 45
44x46: 49 60 45 63 51 48
36x35: 26 16 19 22 22 27
35x35: 23 23 28 17 16 13
45x40: 37 37 34 40 18 28
47x40: 40 62 40 50 49 51
39x49: 49 46 50 49 49 51
42x46: 33 35 31 35 35 40
47x47: 65 56 58 63 48 52
39x36: 43 36 31 38 35 34
38x44: 48 30 44 48 36 51
49x49: 37 46 42 52 43 35
47x44: 46 65 43 52 63 51
44x41: 47 54 36 39 53 48
49x38: 43 24 36 25 32 32
43x40: 39 23 22 39 33 25
35x48: 33 25 31 28 26 33
46x35: 50 39 34 32 45 45
36x49: 34 34 34 27 25 37
43x41: 45 48 52 42 48 36
50x38: 54 56 48 47 44 44
42x44: 35 30 28 29 37 37
35x39: 20 29 23 19 26 25
46x40: 25 34 33 37 34 32
47x38: 30 40 29 34 22 25
46x40: 45 51 46 51 50 42
45x39: 39 30 34 34 25 32
48x50: 32 47 44 62 29 42
41x44: 31 35 34 22 25 34
46x48: 41 30 42 37 47 42
38x39: 43 36 41 42 34 33
49x39: 54 48 41 55 53 45
45x41: 36 50 51 46 53 48
38x37: 31 48 37 42 32 30
39x41: 22 33 32 29 26 27
39x45: 30 45 24 24 36 36
49x49: 45 44 44 42 37 44
35x44: 29 30 23 30 22 20
36x40: 50 36 34 34 31 36
45x41: 27 33 34 41 29 30
50x44: 21 47 32 51 33 40
37x50: 28 38 35 33 21 37
36x49: 33 35 28 33 26 36
45x50: 56 64 62 53 51 60
36x42: 36 52 46 36 35 29
50x36: 31 38 35 31 30 26
44x44: 46 48 52 50 49 53
38x43: 30 30 17 36 24 31
40x44: 39 36 45 43 47 59
49x39: 36 31 32 31 35 43
45x50: 65 55 54 75 43 59
37x42: 28 28 37 24 17 33
47x40: 31 29 29 29 25 51
44x47: 38 34 33 32 37 36
43x46: 37 39 34 38 38 23
49x44: 58 55 51 52 56 59
42x36: 39 37 36 37 38 45
41x44: 30 24 36 33 33 25
41x48: 47 56 59 47 45 49
44x36: 38 43 41 40 35 47
36x44: 25 25 19 33 35 30
36x49: 36 45 45 50 54 43
48x37: 43 47 47 46 38 53
49x41: 28 38 36 30 36 39
44x47: 40 30 33 39 30 38
45x48: 38 36 35 46 50 35
50x43: 40 40 38 41 34 31
40x49: 57 43 36 55 56 55
50x41: 34 25 32 42 36 39
39x44: 32 33 33 24 27 33
47x37: 47 47 40 40 48 45
45x43: 33 31 27 36 46 36
36x35: 26 19 21 24 23 18
42x42: 39 28 22 36 28 43
36x48: 35 50 46 41 43 51
45x38: 42 43 35 46 49 49
44x48: 30 32 35 45 28 54
42x41: 30 17 38 27 29 40
37x50: 29 33 39 22 27 41
48x35: 29 35 28 27 26 31
40x37: 29 22 34 20 27 23
39x39: 35 30 45 49 36 41
35x35: 22 26 15 19 17 21
50x42: 54 59 50 47 57 55
35x50: 51 48 36 41 51 42
35x35: 32 36 37 26 24 33
50x47: 44 37 32 45 42 40
48x41: 43 28 36 31 31 38
38x46: 42 48 46 46 44 44
37x35: 43 28 30 34 27 37
48x47: 26 50 44 31 43 46
49x49: 60 53 58 60 71 66
49x47: 42 50 30 38 38 41
38x39: 36 45 33 40 39 37
38x50: 48 54 52 41 46 50
39x43: 24 35 34 26 31 31
49x43: 34 43 35 45 31 36
49x45: 42 41 40 39 44 33
35x45: 27 21 22 25 38 32
40x44: 48 42 40 47 47 47
35x43: 26 28 24 28 22 25
38x47: 42 36 44 50 57 46
39x37: 21 16 26 40 32 21
47x42: 52 55 54 55 36 54
36x49: 51 41 41 55 44 42
37x38: 33 39 39 33 33 39
37x50: 39 59 47 42 52 46
49x39: 43 35 29 32 34 34
41x35: 27 24 19 22 26 25
39x39: 44 46 36 35 41 32
38x42: 42 34 45 41 40 43
50x47: 39 49 37 30 45 40
38x46: 28 26 31 32 36 26
41x38: 20 27 35 19 22 32
39x38: 18 26 30 26 33 22
47x44: 32 34 44 36 30 34
36x47: 39 31 26 28 30 25
39x40: 33 30 27 35 21 22
38x44: 28 25 28 31 19 36
45x38: 41 36 45 53 45 45
44x38: 41 40 42 43 39 52
43x46: 61 59 50 44 46 44
45x35: 54 41 41 45 30 33
42x38: 48 34 41 41 31 50
42x36: 15 26 26 40 36 25
42x49: 46 36 28 21 43 50
44x40: 40 53 47 51 41 42
48x39: 46 56 51 50 48 39
46x45: 42 40 34 28 43 38
47x42: 29 31 38 37 35 40
41x46: 53 44 53 39 50 48
46x35: 24 32 27 20 22 39
48x43: 54 47 55 50 50 60
45x42: 52 47 40 53 54 46
37x46: 38 46 44 45 45 45
40x39: 42 44 42 47 31 37
35x37: 30 33 33 31 41 31
37x43: 34 29 24 28 24 29
42x37: 39 43 34 40 39 45
38x45: 34 28 26 30 28 34
46x39: 32 34 37 33 39 19
38x36: 15 22 23 31 24 28
44x38: 28 20 37 32 23 27
37x42: 42 43 40 33 35 45
42x44: 34 28 37 33 33 30
46x50: 68 62 61 61 55 48
44x38: 26 28 29 30 35 20
35x48: 46 38 42 46 36 51
44x46: 32 26 53 32 34 33
48x36: 31 27 36 33 32 33
44x41: 48 36 50 63 49 35
42x42: 36 39 60 35 54 44
49x45: 53 57 60 62 48 61
41x49: 54 60 46 42 46 60
42x36: 22 30 35 24 30 26
47x41: 26 42 36 28 37 26
40x42: 28 33 26 32 26 37
35x42: 32 45 33 40 39 39
47x40: 56 58 43 52 30 53
41x48: 54 47 46 52 51 53
47x44: 50 67 49 62 40 55
39x40: 35 42 49 34 35 44
44x38: 48 48 44 35 35 46
37x45: 44 32 42 40 45 51
44x36: 48 36 48 36 32 42
44x46: 38 37 33 29 34 39
43x42: 52 47 48 42 43 45
42x39: 33 33 29 35 26 26
43x35: 39 43 37 48 24 44
39x46: 47 46 42 48 49 45
35x50: 43 41 50 34 45 53
48x41: 35 37 26 32 42 36
36x41: 33 32 26 15 25 25
44x38: 29 29 25 35 23 26
38x39: 37 41 29 43 41 39
36x40: 40 23 39 41 42 36
45x44: 56 52 44 58 51 46
40x47: 28 25 29 43 28 41
36x47: 52 40 38 47 43 41
50x47: 62 58 71 65 56 51
43x45: 34 31 33 41 31 40
37x50: 35 26 32 35 25 38
42x37: 24 32 25 29 28 30
43x50: 29 34 26 51 45 39
46x45: 50 53 59 51 65 40
35x38: 24 19 27 16 16 30
48x46: 43 36 39 39 37 45
45x47: 31 36 45 32 48 32
43x47: 25 39 34 39 32 40
47x43: 58 49 58 56 44 47
36x44: 24 32 30 24 28 29
35x38: 36 31 31 46 26 38
46x50: 36 33 45 32 41 52
38x41: 22 24 30 27 22 30
43x45: 33 40 42 24 39 31
49x50: 39 41 44 41 42 49
49x36: 39 45 46 36 51 52
44x42: 22 32 38 35 30 38
38x35: 21 15 18 25 27 25
49x45: 39 37 41 43 43 36
38x40: 21 23 32 33 22 25
46x45: 48 28 40 34 40 34
46x38: 31 35 27 24 27 35
39x41: 42 34 44 37 49 38
45x45: 55 54 41 58 52 54
42x35: 38 36 40 34 40 37
47x45: 24 46 33 39 32 51
43x47: 54 43 45 59 56 55
39x45: 30 49 50 49 44 50
37x48: 29 29 39 32 19 43
50x47: 54 55 59 71 62 63
45x40: 43 49 48 55 45 40
47x36: 43 41 49 46 41 41
39x37: 45 40 31 38 38 31
43x42: 52 34 53 45 42 50
38x46: 27 31 25 37 29 31
48x38: 26 39 30 36 32 29
47x49: 64 66 71 43 54 53
40x38: 28 23 20 28 25 32
43x43: 32 29 32 28 40 34
37x35: 21 43 30 34 32 41
35x46: 30 31 25 34 27 17
47x36: 34 32 31 34 17 32
47x40: 41 34 25 33 37 25
46x37: 36 29 25 25 34 30
47x41: 26 38 35 39 31 26
45x42: 50 51 45 44 53 47
46x37: 43 37 48 46 39 49
39x44: 43 39 58 39 42 41
48x43: 28 29 42 39 46 39
47x35: 22 30 30 19 35 29
50x39: 61 54 37 57 46 48
42x49: 49 50 57 47 65 47
48x41: 51 55 53 45 46 52
46x46: 30 37 50 37 33 37
47x43: 61 48 51 56 51 45
45x45: 48 26 31 45 33 41
48x40: 54 43 52 43 58 43
42x38: 29 27 27 21 39 24
42x38: 33 25 21 26 24 38
40x44: 42 41 38 47 50 53
44x44: 33 31 29 33 30 40
43x43: 33 35 32 26 31 39
38x49: 56 55 40 52 50 36
37x49: 32 28 39 29 33 31
45x49: 38 36 45 38 45 38
45x35: 33 41 45 42 45 37
42x42: 48 34 45 49 51 44
41x50: 33 26 41 37 32 38
47x36: 30 27 22 44 32 25
37x46: 37 35 27 30 25 26
44x44: 25 33 40 22 35 41
36x49: 29 33 35 34 33 27
40x37: 28 32 24 24 30 18
36x44: 18 27 27 32 23 40
50x38: 31 26 35 33 32 34
37x45: 36 32 32 22 22 36
49x38: 46 51 49 44 44 52
39x50: 33 35 35 40 32 32
41x44: 29 31 35 28 28 31
48x35: 42 40 52 35 47 40
44x45: 34 34 35 34 38 34
50x39: 54 54 46 36 59 48
49x43: 28 33 44 34 45 39
37x47: 32 39 28 28 25 28
40x35: 33 38 34 43 31 39
48x44: 52 49 49 59 53 64
46x36: 45 33 43 57 39 41
46x49: 50 69 62 52 53 61
36x42: 39 42 33 34 39 45
45x38: 39 30 30 27 27 26
36x45: 28 29 32 35 30 26
38x37: 43 34 36 38 37 29
49x49: 36 49 44 36 48 43
45x42: 31 38 34 36 34 37
44x46: 61 50 49 47 53 50
41x47: 49 50 60 46 39 52
48x48: 39 41 45 45 40 45
37x37: 32 31 35 38 38 37
43x49: 46 65 49 44 69 50
41x48: 40 42 60 44 45 69
